n = 50000, simulation time = 7.80378 seconds
n = 50000,threads = 1, simulation time = 8.64705 seconds
n = 50000,threads = 2, simulation time = 4.48433 seconds
